0.0
0.0
0.0
0.0
0.0
0.0
0.0
0.0
0.0
0.0
4.8229282323144025e-05
1.8277661256412543e-05
0.0
0.0
2.5602965521312302e-05
2.8764439502621025e-05
0.0
0.0
0.0
0.0
0.0
0.0
0.0
0.0
0.0
0.0
1.9055924674432387e-05
2.824159023968748e-05
0.0
0.0
1.6684523240043732e-05
1.81468001045257e-05
0.0
0.0
0.0
0.0
0.0
0.0
0.0
0.0
0.0
0.0
2.0477518903907148e-05
3.3304070962154845e-05
0.0
0.0
3.159988880500647e-05
2.1136402298594535e-05
0.0
0.0
0.0
0.0
0.0
0.0
-4.660477519320111e-05
-9.319627553521001e-05
0.0
0.0
3.859312165565122e-06
6.0582645830878035e-06
0.0
0.0
2.010694636921663e-05
2.2692545363550312e-05
