0.0
0.0
0.0
0.0
0.0
0.0
0.0
0.0
0.0
0.0
0.03795644518831435
0.02876903881759334
0.0
0.0
0.03156845648777807
0.016482023835001847
0.0
0.0
0.0
0.0
0.0
0.0
0.0
0.0
0.0
0.0
0.017760121796570983
0.021463608582162487
0.0
0.0
0.010694779396868031
0.017076138898358684
0.0
0.0
0.0
-0.003395572688259486
0.0
0.0
0.0
-0.003395572688259486
0.0
0.0
0.02621122419700115
0.04013140550939659
0.0
0.0
0.0351706762399722
0.02251026844800318
0.0
0.0
0.0
-0.003395572688259486
0.0
0.0
-0.0020040053333076477
-0.0034482621948027704
0.0
0.0
0.005758093751023163
0.009505417130864764
0.0
0.0
0.024248977321275254
0.04277544801029234
